7.930676937103271484e-01
8.155792355537414551e-01
8.105171918869018555e-01
8.055655360221862793e-01
8.057581782341003418e-01
7.985615730285644531e-01
8.126240968704223633e-01
8.404164314270019531e-01
8.266568183898925781e-01
8.437484502792358398e-01
8.160780072212219238e-01
8.614826202392578125e-01
8.442681431770324707e-01
8.520587086677551270e-01
8.661262989044189453e-01
8.771401643753051758e-01
8.768431544303894043e-01
8.718852996826171875e-01
8.766899108886718750e-01
9.051738381385803223e-01
9.080002307891845703e-01
9.424391388893127441e-01
9.190195798873901367e-01
9.394026994705200195e-01
9.593780636787414551e-01
9.598996043205261230e-01
9.665817022323608398e-01
9.997388720512390137e-01
1.002158403396606445e+00
1.018504977226257324e+00
1.042112231254577637e+00
1.051237583160400391e+00
1.069437146186828613e+00
1.070567965507507324e+00
1.107791423797607422e+00
1.134756445884704590e+00
1.143464088439941406e+00
1.175286650657653809e+00
1.210964322090148926e+00
1.218537330627441406e+00
1.236782193183898926e+00
1.276140928268432617e+00
1.303943872451782227e+00
1.327264547348022461e+00
1.379654884338378906e+00
1.413902282714843750e+00
1.435723781585693359e+00
1.465732932090759277e+00
1.519781708717346191e+00
1.581171631813049316e+00
1.610479950904846191e+00
1.639917492866516113e+00
1.636283040046691895e+00
1.606754302978515625e+00
1.636871933937072754e+00
1.620731830596923828e+00
1.626257777214050293e+00
1.616924285888671875e+00
1.636003851890563965e+00
1.623538255691528320e+00
1.694790124893188477e+00
1.755995273590087891e+00
1.828032493591308594e+00
1.879908323287963867e+00
1.937892198562622070e+00
2.065849781036376953e+00
2.145331382751464844e+00
2.199911832809448242e+00
2.195368051528930664e+00
2.214144468307495117e+00
2.224235534667968750e+00
2.252914190292358398e+00
2.237636804580688477e+00
2.255867242813110352e+00
7.569139599800109863e-01
7.118764519691467285e-01
6.912762522697448730e-01
6.881303191184997559e-01
6.820991635322570801e-01
6.827879548072814941e-01
6.657037138938903809e-01
6.883708238601684570e-01
6.642119884490966797e-01
6.479183435440063477e-01
6.576567888259887695e-01
6.493589282035827637e-01
6.537252068519592285e-01
6.543494462966918945e-01
6.688412427902221680e-01
6.625205874443054199e-01
6.856495141983032227e-01
7.051891088485717773e-01
7.039535641670227051e-01
7.143183350563049316e-01
7.398037910461425781e-01
7.718620896339416504e-01
2.777260065078735352e+00
2.821993589401245117e+00
2.872820615768432617e+00
2.930392980575561523e+00
2.969780683517456055e+00
2.999330520629882812e+00
3.045145750045776367e+00
3.153225421905517578e+00
3.173167228698730469e+00
3.239372730255126953e+00
3.302339792251586914e+00
3.356515169143676758e+00
3.364550113677978516e+00
3.360535383224487305e+00
3.350166320800781250e+00
3.350110292434692383e+00
3.342496156692504883e+00
3.354181289672851562e+00
3.341260433197021484e+00
3.339298486709594727e+00
3.311281681060791016e+00
1.577352762222290039e+00
1.511548042297363281e+00
1.506842613220214844e+00
1.509212970733642578e+00
1.503355026245117188e+00
1.501541852951049805e+00
1.521303653717041016e+00
1.534359455108642578e+00
1.565978050231933594e+00
1.578413009643554688e+00
inf
inf
inf
inf
inf
inf
inf
inf
inf
inf
inf
inf
inf
inf
inf
inf
inf
inf
inf
inf
inf
inf
inf
inf
inf
inf
inf
inf
inf
inf
inf
inf
inf
inf
inf
inf
inf
inf
inf
inf
inf
inf
inf
inf
inf
inf
inf
inf
inf
5.084593296051025391e-01
4.504967629909515381e-01
4.527431726455688477e-01
4.429175555706024170e-01
4.471334218978881836e-01
4.150220453739166260e-01
4.254875481128692627e-01
4.255684912204742432e-01
4.025988280773162842e-01
4.144206047058105469e-01
4.023314118385314941e-01
4.065670073032379150e-01
4.062587320804595947e-01
3.925918340682983398e-01
4.119817614555358887e-01
4.099033176898956299e-01
4.093735218048095703e-01
3.979195654392242432e-01
3.803095221519470215e-01
4.024173021316528320e-01
3.940391838550567627e-01
4.059631824493408203e-01
4.289173185825347900e-01
4.207779169082641602e-01
4.128978848457336426e-01
4.049195051193237305e-01
4.322122037410736084e-01
4.200829863548278809e-01
4.324249625205993652e-01
4.369405210018157959e-01
4.647839963436126709e-01
5.022141337394714355e-01
3.344845056533813477e+00
3.303268909454345703e+00
3.291535139083862305e+00
3.255336046218872070e+00
3.246235609054565430e+00
3.191501617431640625e+00
3.187820196151733398e+00
3.174220800399780273e+00
1.497421741485595703e+00
1.428280711174011230e+00
1.414235949516296387e+00
1.394901752471923828e+00
1.403888106346130371e+00
1.380314707756042480e+00
1.402722477912902832e+00
1.404340028762817383e+00
1.403941869735717773e+00
1.443292260169982910e+00
1.438710808753967285e+00
2.968805789947509766e+00
2.932895660400390625e+00
2.821849584579467773e+00
2.694225788116455078e+00
2.613986968994140625e+00
2.562970161437988281e+00
2.468817472457885742e+00
2.392440795898437500e+00
2.401091337203979492e+00
2.399813413619995117e+00
2.391954660415649414e+00
2.385444879531860352e+00
2.385818958282470703e+00
2.401183843612670898e+00
2.394495725631713867e+00
2.402051925659179688e+00
2.391871690750122070e+00
2.358769655227661133e+00
2.333203554153442383e+00
2.244175672531127930e+00
2.217295646667480469e+00
2.189186334609985352e+00
2.120923280715942383e+00
2.097467422485351562e+00
2.054150819778442383e+00
2.042840957641601562e+00
1.995993852615356445e+00
1.949655055999755859e+00
1.921629786491394043e+00
1.922011494636535645e+00
1.884212613105773926e+00
1.849631428718566895e+00
1.807312607765197754e+00
1.792524933815002441e+00
1.803043842315673828e+00
1.756551027297973633e+00
1.752890586853027344e+00
1.732836842536926270e+00
1.683653831481933594e+00
1.698665618896484375e+00
1.658189177513122559e+00
1.653474926948547363e+00
1.641228914260864258e+00
1.625677347183227539e+00
1.616808414459228516e+00
1.597450017929077148e+00
1.580704092979431152e+00
1.568461179733276367e+00
1.566143393516540527e+00
1.554892063140869141e+00
1.551733732223510742e+00
1.541159033775329590e+00
1.534991383552551270e+00
1.531018853187561035e+00
1.513473510742187500e+00
1.495787143707275391e+00
1.507160663604736328e+00
1.512246847152709961e+00
1.488992571830749512e+00
1.480374932289123535e+00
1.479928255081176758e+00
1.484313726425170898e+00
1.477238178253173828e+00
1.373403787612915039e+00
1.377683520317077637e+00
1.363146066665649414e+00
1.295165061950683594e+00
1.282030701637268066e+00
1.265644669532775879e+00
1.213549494743347168e+00
1.199717879295349121e+00
1.172263264656066895e+00
1.176635503768920898e+00
1.135734558105468750e+00
1.113288760185241699e+00
1.105324387550354004e+00
1.088498234748840332e+00
1.063541531562805176e+00
1.066338300704956055e+00
1.022682785987854004e+00
1.024909734725952148e+00
1.008949518203735352e+00
9.970538020133972168e-01
9.637028574943542480e-01
9.479469060897827148e-01
9.804342389106750488e-01
9.481209516525268555e-01
9.429509043693542480e-01
9.410938024520874023e-01
9.236258864402770996e-01
9.056677222251892090e-01
8.979855775833129883e-01
8.876066207885742188e-01
8.710390329360961914e-01
8.733831048011779785e-01
8.628345727920532227e-01
8.502553105354309082e-01
8.589903712272644043e-01
8.341082334518432617e-01
8.267815113067626953e-01
8.382806181907653809e-01
8.232779502868652344e-01
8.321444988250732422e-01
8.163447976112365723e-01
7.941502928733825684e-01
7.898368239402770996e-01
7.917250990867614746e-01
8.085191249847412109e-01
8.108857870101928711e-01
7.849201560020446777e-01
7.891021370887756348e-01
7.855586409568786621e-01
7.898306250572204590e-01
7.915509343147277832e-01
7.970080971717834473e-01
7.832358479499816895e-01
7.808375358581542969e-01
7.861416935920715332e-01
7.502366900444030762e-01
7.642922401428222656e-01
7.801747918128967285e-01
7.817543148994445801e-01
7.768056392669677734e-01
7.728567719459533691e-01
7.787501215934753418e-01
7.643966078758239746e-01
7.808450460433959961e-01
7.826039791107177734e-01
7.936686277389526367e-01
7.817662358283996582e-01
7.799310088157653809e-01
7.816765308380126953e-01
7.842475771903991699e-01
